338.8274
327.4980
318.7884
314.3047
300.2920
291.3509
288.0953
282.4615
273.8445
264.0531
260.0672
259.2529
246.0160
244.9874
228.8857
219.6174
209.0908
206.1946
203.0353
200.5488
198.3862
192.7822
190.6599
187.8588
182.5042
182.3166
176.2707
173.6136
171.7260
168.4525
166.7336
163.3799
160.2363
152.9359
149.5387
140.1686
128.3483
117.5888
113.7351
105.8281
98.8051
94.2626
87.9220
79.6029
73.0099
68.6857
66.0434
60.6137
59.6973
55.7981
48.9339
47.7665
44.4157
42.8365
40.9775
38.9501
38.2976
35.1265
32.9522
31.8421
30.4700
29.7624
27.1570
26.4285
25.5106
24.1485
22.4927
21.0247
20.6659
19.3977
18.1080
17.1291
16.8493
15.3061
15.0657
13.6084
13.0935
12.0641
11.2198
10.6153
10.3667
9.5233
9.3783
9.3299
9.1433
8.5135
7.7761
7.3536
6.8375
6.7341
6.0877
5.9899
5.8647
5.7503
5.6622
5.6117
5.5523
5.4461
5.3979
5.2187
5.1715
5.1125
5.0239
4.9416
4.9118
4.8317
4.7975
4.7862
4.7091
4.6563
4.5994
4.5621
4.5177
4.4837
4.4624
4.4281
4.3977
4.3649
4.3129
4.2796
4.2584
4.2294
4.2021
4.1762
4.1344
4.0666
4.0481
4.0389
4.0196
3.9883
3.9496
3.9272
3.8923
3.8812
3.8054
3.7988
3.7497
3.7246
3.7179
3.6992
3.6901
3.6593
3.6335
3.6056
3.5877
3.5568
3.5423
3.5060
3.4958
3.4429
3.4174
3.3946
3.3756
3.3556
3.3265
3.3040
3.2617
3.2396
3.1739
3.1522
3.1406
3.1259
3.0781
3.0345
2.9844
2.9404
2.9196
2.8994
2.8417
2.8076
2.7484
2.7038
2.6892
2.6320
2.5611
2.5090
2.4582
2.3929
