5.6084
5.2396
4.9646
4.8260
4.4052
4.1468
4.0547
3.8976
3.6634
3.4062
3.3041
3.2834
2.9567
2.9320
2.5593
2.3562
2.1358
2.0770
2.0138
1.9648
1.9227
1.8156
1.7758
1.7240
1.6272
1.6238
1.5179
1.4725
1.4406
1.3862
1.3581
1.3040
1.2543
1.1426
1.0924
0.9598
0.8048
0.6755
0.6319
0.5471
0.4769
0.4341
0.3776
0.3096
0.2604
0.2305
0.2131
0.1795
0.1741
0.1521
0.1170
0.1115
0.0964
0.0896
0.0820
0.0741
0.0717
0.0603
0.0530
0.0495
0.0454
0.0433
0.0360
0.0341
0.0318
0.0285
0.0247
0.0216
0.0209
0.0184
0.0160
0.0143
0.0139
0.0114
0.0111
0.0090
0.0084
0.0071
0.0061
0.0055
0.0053
0.0044
0.0043
0.0043
0.0041
0.0035
0.0030
0.0026
0.0023
0.0022
0.0018
0.0018
0.0017
0.0016
0.0016
0.0015
0.0015
0.0014
0.0014
0.0013
0.0013
0.0013
0.0012
0.0012
0.0012
0.0011
0.0011
0.0011
0.0011
0.0011
0.0010
0.0010
0.0010
0.0010
0.0010
0.0010
0.0009
0.0009
0.0009
0.0009
0.0009
0.0009
0.0009
0.0009
0.0008
0.0008
0.0008
0.0008
0.0008
0.0008
0.0008
0.0008
0.0007
0.0007
0.0007
0.0007
0.0007
0.0007
0.0007
0.0007
0.0007
0.0007
0.0006
0.0006
0.0006
0.0006
0.0006
0.0006
0.0006
0.0006
0.0006
0.0006
0.0006
0.0006
0.0005
0.0005
0.0005
0.0005
0.0005
0.0005
0.0005
0.0005
0.0005
0.0004
0.0004
0.0004
0.0004
0.0004
0.0004
0.0004
0.0004
0.0004
0.0004
0.0003
0.0003
0.0003
0.0003
0.0003
